12.920000
13.050000
13.050000
12.940000
12.920000
12.940000
13.050000
13.050000
12.940000
12.920000
12.920000
12.560000
13.050000
12.940000
12.940000
12.940000
12.490000
12.600000
12.920000
12.490000
12.490000
12.530000
13.050000
12.940000
12.940000
12.940000
12.920000
12.600000
12.490000
12.920000
12.920000
12.510000
13.030000
12.920000
12.940000
12.920000
12.920000
13.050000
13.050000
12.920000
12.440000
12.940000
12.560000
13.050000
12.940000
12.940000
12.940000
12.940000
13.050000
12.940000
12.940000
12.440000
12.440000
12.540000
12.940000
12.920000
12.940000
12.920000
13.050000
12.920000
12.920000
12.440000
12.940000
13.050000
13.050000
12.940000
12.920000
12.940000
13.050000
13.050000
12.920000
12.940000
12.920000
12.940000
13.050000
12.940000
12.920000
12.920000
12.940000
13.050000
13.050000
12.920000
12.920000
12.920000
13.050000
13.050000
12.920000
12.920000
12.490000
12.600000
12.600000
12.490000
12.490000
12.490000
12.600000
12.600000
12.490000
12.490000
12.940000
13.030000
13.050000
12.490000
12.490000
12.490000
12.600000
12.600000
12.490000
12.920000
12.940000
13.050000
13.050000
12.940000
12.920000
12.920000
12.600000
12.600000
12.490000
12.490000
12.490000
13.050000
13.050000
12.920000
12.920000
12.940000
13.050000
13.050000
12.490000
12.490000
12.490000
12.600000
12.600000
12.490000
12.490000
12.490000
12.620000
12.530000
12.490000
12.510000
12.490000
12.600000
12.490000
12.490000
12.490000
12.620000
12.600000
12.490000
12.490000
12.490000
12.600000
13.030000
