21.850000
21.960000
21.960000
21.960000
21.960000
21.960000
22.410000
21.850000
21.960000
21.960000
21.850000
21.960000
21.960000
21.960000
22.390000
22.390000
22.410000
22.390000
22.390000
22.390000
22.280000
22.410000
21.960000
21.850000
22.410000
22.390000
22.280000
22.390000
22.410000
22.280000
22.390000
21.960000
21.850000
21.960000
21.960000
21.960000
21.960000
21.960000
21.960000
21.850000
21.960000
21.960000
22.280000
22.390000
22.390000
22.280000
22.390000
22.390000
22.390000
22.390000
22.390000
22.390000
22.390000
22.390000
22.390000
22.390000
22.410000
22.390000
22.390000
22.390000
22.390000
22.280000
22.390000
22.410000
22.280000
22.390000
22.390000
22.280000
22.390000
22.390000
22.280000
22.410000
22.390000
22.250000
22.340000
22.390000
22.230000
22.340000
22.340000
22.280000
22.390000
22.340000
22.350000
22.390000
22.390000
22.390000
22.390000
22.390000
22.390000
22.410000
22.340000
22.340000
22.350000
22.390000
22.340000
22.280000
22.390000
22.390000
22.280000
22.390000
22.340000
22.280000
22.390000
22.390000
22.280000
22.410000
22.410000
22.280000
22.390000
22.390000
22.280000
22.390000
22.410000
22.230000
22.350000
22.410000
22.280000
22.410000
22.340000
22.390000
22.390000
22.390000
22.340000
22.390000
22.390000
22.350000
22.350000
22.340000
22.340000
22.230000
22.340000
22.340000
22.230000
22.390000
22.340000
22.230000
22.340000
22.390000
22.280000
22.340000
22.340000
22.230000
22.340000
22.340000
22.230000
21.900000
22.340000
22.350000
22.340000
22.340000
