32.350000
32.350000
32.350000
32.350000
32.350000
32.350000
32.450000
32.450000
32.780000
32.350000
32.350000
32.780000
32.780000
32.730000
32.400000
32.890000
32.780000
32.290000
32.780000
32.780000
32.800000
32.290000
32.400000
32.400000
32.290000
32.780000
32.290000
32.780000
32.290000
32.290000
32.850000
32.910000
32.780000
32.780000
32.780000
32.780000
32.780000
32.800000
32.780000
32.450000
32.450000
32.350000
32.350000
32.350000
32.350000
32.350000
32.350000
32.470000
32.450000
32.350000
32.350000
32.350000
32.350000
32.350000
32.350000
32.470000
32.360000
32.350000
32.350000
32.350000
32.350000
32.350000
32.450000
32.450000
32.350000
32.350000
32.350000
32.350000
32.350000
32.350000
32.450000
32.450000
32.350000
31.890000
32.350000
32.350000
32.350000
32.450000
32.450000
32.350000
32.350000
32.350000
32.350000
32.350000
32.350000
32.470000
32.470000
32.350000
32.350000
32.350000
32.350000
32.350000
32.450000
32.450000
32.350000
32.350000
32.350000
32.350000
32.350000
32.350000
32.450000
32.450000
32.350000
32.800000
32.800000
32.350000
32.350000
32.350000
32.450000
32.450000
32.350000
32.350000
32.350000
32.350000
32.350000
32.350000
32.450000
32.450000
32.350000
32.350000
32.350000
32.350000
32.350000
32.450000
32.450000
32.350000
32.350000
31.890000
32.350000
32.350000
32.350000
32.450000
32.450000
32.350000
32.350000
32.350000
32.350000
32.350000
32.470000
32.450000
32.350000
32.350000
32.350000
32.350000
32.350000
32.350000
32.450000
32.450000
32.350000
32.350000
